pybullet build time: Jan 18 2023 12:23:40
2023-04-24 18:58:49.079 Python[60985:5807974] ApplePersistenceIgnoreState: Existing state will not be touched. New state will be written to (null)
0.0
0.0
0.0
0.916541555327421
-0.4259241603620201
0.3529532832330577
-0.2809474902533971
-0.7462623506504198
0.5157042255382599
-0.4631509856376864
-0.8225373483968982
0.916541555327421
-0.4259241603620201
0.3529532832330577
-0.2809474902533971
-0.7462623506504198
0.5157042255382599
-0.4631509856376864
-0.8225373483968982
-0.4492783225956054
-0.9654834935884188
-0.991892093351333
-0.8404274192202863
0.8558660577497613
0.9323778241547421
-0.7121530443515948
0.580619476596078
0.8304606689814312
0.8421656498554667
0.9507790563631614
0.9265838118016545
-0.9086834603999783
-0.872895598590434
0.6599719338956143
-0.6507108680159732
0.8304606689814312
0.8421656498554667
0.9507790563631614
0.9265838118016545
-0.9086834603999783
-0.872895598590434
0.6599719338956143
-0.6507108680159732
0.8304606689814312
0.8421656498554667
0.9507790563631614
0.9265838118016545
-0.9086834603999783
-0.872895598590434
0.6599719338956143
-0.6507108680159732
-0.5675066713044443
0.719939731612591
0.8959968524870725
-0.12525058585120888
-0.11072710881760944
-0.8753361458479874
0.6562020997374151
-0.5554361027209922
0.3363189681692257
-0.9612906262650485
-0.9462622903031259
-0.9964661787386508
0.9609748665356354
0.9850985892385161
-0.7085825325061827
0.07645385625202263
0.3363189681692257
-0.9612906262650485
-0.9462622903031259
-0.9964661787386508
0.9609748665356354
0.9850985892385161
-0.7085825325061827
0.07645385625202263
-0.027402293083143108
-0.27212341353376784
-0.3128995114994809
-0.8471545056102352
0.886007650358746
0.8559439861433923
-0.15656356736170654
-0.20360760217201565
-0.4492783225956054
-0.9654834935884188
-0.991892093351333
-0.8404274192202863
0.8558660577497613
0.9323778241547421
-0.7121530443515948
0.580619476596078
-0.4492783225956054
-0.9654834935884188
-0.991892093351333
-0.8404274192202863
0.8558660577497613
0.9323778241547421
-0.7121530443515948
0.580619476596078
-0.6968451209263089
-0.3252843207397872
-0.8567461048967896
0.6042172860813392
0.6182883393826109
0.06571807497436369
-0.144435706946022
0.9420344623484407
-0.6968451209263089
-0.3252843207397872
-0.8567461048967896
0.6042172860813392
0.6182883393826109
0.06571807497436369
-0.144435706946022
0.9420344623484407
-0.6968451209263089
-0.3252843207397872
-0.8567461048967896
0.6042172860813392
0.6182883393826109
0.06571807497436369
-0.144435706946022
0.9420344623484407
0.3415861255014923
0.8243316949120395
0.707723292760486
0.9984453263265798
-0.975778197562711
-0.9340699575840812
0.580606458710709
-0.23711855107982244
0.3415861255014923
0.8243316949120395
0.707723292760486
0.9984453263265798
-0.975778197562711
-0.9340699575840812
0.580606458710709
-0.23711855107982244
0.3415861255014923
0.8243316949120395
0.707723292760486
0.9984453263265798
-0.975778197562711
-0.9340699575840812
0.580606458710709
-0.23711855107982244
0.3415861255014923
0.8243316949120395
0.707723292760486
0.9984453263265798
-0.975778197562711
-0.9340699575840812
0.580606458710709
-0.23711855107982244
-0.6968451209263089
-0.3252843207397872
-0.8567461048967896
0.6042172860813392
0.6182883393826109
0.06571807497436369
-0.144435706946022
0.9420344623484407
-0.6968451209263089
-0.3252843207397872
-0.8567461048967896
0.6042172860813392
0.6182883393826109
0.06571807497436369
-0.144435706946022
0.9420344623484407
-0.6968451209263089
-0.3252843207397872
-0.8567461048967896
0.6042172860813392
0.6182883393826109
0.06571807497436369
-0.144435706946022
0.9420344623484407
-0.6968451209263089
-0.3252843207397872
-0.8567461048967896
0.6042172860813392
0.6182883393826109
0.06571807497436369
-0.144435706946022
0.9420344623484407
-0.6968451209263089
-0.3252843207397872
-0.8567461048967896
0.6042172860813392
0.6182883393826109
0.06571807497436369
-0.144435706946022
0.9420344623484407
-0.6968451209263089
-0.3252843207397872
-0.8567461048967896
0.6042172860813392
0.6182883393826109
0.06571807497436369
-0.144435706946022
0.9420344623484407
0.7497199345498615
-0.01648827566097056
-0.7127189154872736
0.9854889299625258
-0.5957328022717497
0.10858250714893442
-0.3543436409295521
0.7073138163109954
0.3415861255014923
0.8243316949120395
0.707723292760486
0.9984453263265798
-0.975778197562711
-0.9340699575840812
0.580606458710709
-0.23711855107982244
0.3415861255014923
0.8243316949120395
0.707723292760486
0.9984453263265798
-0.975778197562711
-0.9340699575840812
0.580606458710709
-0.23711855107982244
0.6250389379057464
-0.47250990796933134
-0.5287521422726549
0.9298173168514134
-0.9282070464816987
0.02781295337294711
-0.6020903078665105
0.609012233450505
0.6250389379057464
-0.47250990796933134
-0.5287521422726549
0.9298173168514134
-0.9282070464816987
0.02781295337294711
-0.6020903078665105
0.609012233450505
0.8739731537906551
-0.9354056027229
-0.982456605024914
0.49068659244600626
-0.13030851648173275
0.8936426244453405
-0.7449117766447172
0.65675598377136
0.8739731537906551
-0.9354056027229
-0.982456605024914
0.49068659244600626
-0.13030851648173275
0.8936426244453405
-0.7449117766447172
0.65675598377136
0.8739731537906551
-0.9354056027229
-0.982456605024914
0.49068659244600626
-0.13030851648173275
0.8936426244453405
-0.7449117766447172
0.65675598377136
0.7497199345498615
-0.01648827566097056
-0.7127189154872736
0.9854889299625258
-0.5957328022717497
0.10858250714893442
-0.3543436409295521
0.7073138163109954
0.3415861255014923
0.8243316949120395
0.707723292760486
0.9984453263265798
-0.975778197562711
-0.9340699575840812
0.580606458710709
-0.23711855107982244
0.3415861255014923
0.8243316949120395
0.707723292760486
0.9984453263265798
-0.975778197562711
-0.9340699575840812
0.580606458710709
-0.23711855107982244
-0.9010115729302499
0.690614700809004
0.4576342212994247
0.9488222871780603
-0.659538669793069
-0.98013899885008
0.5520900196694211
0.6057281753712368
-0.9010115729302499
0.690614700809004
0.4576342212994247
0.9488222871780603
-0.659538669793069
-0.98013899885008
0.5520900196694211
0.6057281753712368
-0.6968451209263089
-0.3252843207397872
-0.8567461048967896
0.6042172860813392
0.6182883393826109
0.06571807497436369
-0.144435706946022
0.9420344623484407
-0.6968451209263089
-0.3252843207397872
-0.8567461048967896
0.6042172860813392
0.6182883393826109
0.06571807497436369
-0.144435706946022
0.9420344623484407
-0.6968451209263089
-0.3252843207397872
-0.8567461048967896
0.6042172860813392
0.6182883393826109
0.06571807497436369
-0.144435706946022
0.9420344623484407
-0.6968451209263089
-0.3252843207397872
-0.8567461048967896
0.6042172860813392
0.6182883393826109
0.06571807497436369
-0.144435706946022
0.9420344623484407
-0.6968451209263089
-0.3252843207397872
-0.8567461048967896
0.6042172860813392
0.6182883393826109
0.06571807497436369
-0.144435706946022
0.9420344623484407
-0.6968451209263089
-0.3252843207397872
-0.8567461048967896
0.6042172860813392
0.6182883393826109
0.06571807497436369
-0.144435706946022
0.9420344623484407
-0.6968451209263089
-0.3252843207397872
-0.8567461048967896
0.6042172860813392
0.6182883393826109
0.06571807497436369
-0.144435706946022
0.9420344623484407
0.3415861255014923
0.8243316949120395
0.707723292760486
0.9984453263265798
-0.975778197562711
-0.9340699575840812
0.580606458710709
-0.23711855107982244
0.3415861255014923
0.8243316949120395
0.707723292760486
0.9984453263265798
-0.975778197562711
-0.9340699575840812
0.580606458710709
-0.23711855107982244
0.3415861255014923
0.8243316949120395
0.707723292760486
0.9984453263265798
-0.975778197562711
-0.9340699575840812
0.580606458710709
-0.23711855107982244
0.3415861255014923
0.8243316949120395
0.707723292760486
0.9984453263265798
-0.975778197562711
-0.9340699575840812
0.580606458710709
-0.23711855107982244
-0.6968451209263089
-0.3252843207397872
-0.8567461048967896
0.6042172860813392
0.6182883393826109
0.06571807497436369
-0.144435706946022
0.9420344623484407
-0.6968451209263089
-0.3252843207397872
-0.8567461048967896
0.6042172860813392
0.6182883393826109
0.06571807497436369
-0.144435706946022
0.9420344623484407
-0.6968451209263089
-0.3252843207397872
-0.8567461048967896
0.6042172860813392
0.6182883393826109
0.06571807497436369
-0.144435706946022
0.9420344623484407
-0.6968451209263089
-0.3252843207397872
-0.8567461048967896
0.6042172860813392
0.6182883393826109
0.06571807497436369
-0.144435706946022
0.9420344623484407
-0.6968451209263089
-0.3252843207397872
-0.8567461048967896
0.6042172860813392
0.6182883393826109
0.06571807497436369
-0.144435706946022
0.9420344623484407
0.7497199345498615
-0.01648827566097056
-0.7127189154872736
0.9854889299625258
-0.5957328022717497
0.10858250714893442
-0.3543436409295521
0.7073138163109954
0.3415861255014923
0.8243316949120395
0.707723292760486
0.9984453263265798
-0.975778197562711
-0.9340699575840812
0.580606458710709
-0.23711855107982244
0.3415861255014923
0.8243316949120395
0.707723292760486
0.9984453263265798
-0.975778197562711
-0.9340699575840812
0.580606458710709
-0.23711855107982244
0.6250389379057464
-0.47250990796933134
-0.5287521422726549
0.9298173168514134
-0.9282070464816987
0.02781295337294711
-0.6020903078665105
0.609012233450505
0.6250389379057464
-0.47250990796933134
-0.5287521422726549
0.9298173168514134
-0.9282070464816987
0.02781295337294711
-0.6020903078665105
0.609012233450505
-0.4492783225956054
-0.9654834935884188
-0.991892093351333
-0.8404274192202863
0.8558660577497613
0.9323778241547421
-0.7121530443515948
0.580619476596078
0.8739731537906551
-0.9354056027229
-0.982456605024914
0.49068659244600626
-0.13030851648173275
0.8936426244453405
-0.7449117766447172
0.65675598377136
0.9474286743806812
0.04187555609110451
0.06444716468114765
0.47274878118673447
-0.005692391382069714
0.4230947229365536
0.1643103949512129
-0.21367469831535782
0.9474286743806812
0.04187555609110451
0.06444716468114765
0.47274878118673447
-0.005692391382069714
0.4230947229365536
0.1643103949512129
-0.21367469831535782
0.8304606689814312
0.8421656498554667
0.9507790563631614
0.9265838118016545
-0.9086834603999783
-0.872895598590434
0.6599719338956143
-0.6507108680159732
0.8304606689814312
0.8421656498554667
0.9507790563631614
0.9265838118016545
-0.9086834603999783
-0.872895598590434
0.6599719338956143
-0.6507108680159732
-0.5675066713044443
0.719939731612591
0.8959968524870725
-0.12525058585120888
-0.11072710881760944
-0.8753361458479874
0.6562020997374151
-0.5554361027209922
-0.26035758163510503
-0.6503832546894224
-0.019477241240296105
-0.9672858911462678
0.41717714683260987
0.746389227458773
-0.43161587754958164
-0.459347928871709
0.3363189681692257
-0.9612906262650485
-0.9462622903031259
-0.9964661787386508
0.9609748665356354
0.9850985892385161
-0.7085825325061827
0.07645385625202263
-0.4492783225956054
-0.9654834935884188
-0.991892093351333
-0.8404274192202863
0.8558660577497613
0.9323778241547421
-0.7121530443515948
0.580619476596078
-0.6968451209263089
-0.3252843207397872
-0.8567461048967896
0.6042172860813392
0.6182883393826109
0.06571807497436369
-0.144435706946022
0.9420344623484407
-0.6968451209263089
-0.3252843207397872
-0.8567461048967896
0.6042172860813392
0.6182883393826109
0.06571807497436369
-0.144435706946022
0.9420344623484407
-0.6968451209263089
-0.3252843207397872
-0.8567461048967896
0.6042172860813392
0.6182883393826109
0.06571807497436369
-0.144435706946022
0.9420344623484407
0.7497199345498615
-0.01648827566097056
-0.7127189154872736
0.9854889299625258
-0.5957328022717497
0.10858250714893442
-0.3543436409295521
0.7073138163109954
0.7497199345498615
-0.01648827566097056
-0.7127189154872736
0.9854889299625258
-0.5957328022717497
0.10858250714893442
-0.3543436409295521
0.7073138163109954
0.7497199345498615
-0.01648827566097056
-0.7127189154872736
0.9854889299625258
-0.5957328022717497
0.10858250714893442
-0.3543436409295521
0.7073138163109954
0.3415861255014923
0.8243316949120395
0.707723292760486
0.9984453263265798
-0.975778197562711
-0.9340699575840812
0.580606458710709
-0.23711855107982244
0.3415861255014923
0.8243316949120395
0.707723292760486
0.9984453263265798
-0.975778197562711
-0.9340699575840812
0.580606458710709
-0.23711855107982244
0.3415861255014923
0.8243316949120395
0.707723292760486
0.9984453263265798
-0.975778197562711
-0.9340699575840812
0.580606458710709
-0.23711855107982244
-0.800579425640312
-0.682806157315015
-0.7516357459199006
-0.10219387659063674
-0.23222897559603492
0.06677793180164526
-0.7047894685859055
0.7710510058747455
-0.4492783225956054
-0.9654834935884188
-0.991892093351333
-0.8404274192202863
0.8558660577497613
0.9323778241547421
-0.7121530443515948
0.580619476596078
-0.4492783225956054
-0.9654834935884188
-0.991892093351333
-0.8404274192202863
0.8558660577497613
0.9323778241547421
-0.7121530443515948
0.580619476596078
-0.6968451209263089
-0.3252843207397872
-0.8567461048967896
0.6042172860813392
0.6182883393826109
0.06571807497436369
-0.144435706946022
0.9420344623484407
-0.6968451209263089
-0.3252843207397872
-0.8567461048967896
0.6042172860813392
0.6182883393826109
0.06571807497436369
-0.144435706946022
0.9420344623484407
0.7497199345498615
-0.01648827566097056
-0.7127189154872736
0.9854889299625258
-0.5957328022717497
0.10858250714893442
-0.3543436409295521
0.7073138163109954
0.3415861255014923
0.8243316949120395
0.707723292760486
0.9984453263265798
-0.975778197562711
-0.9340699575840812
0.580606458710709
-0.23711855107982244
0.3415861255014923
0.8243316949120395
0.707723292760486
0.9984453263265798
-0.975778197562711
-0.9340699575840812
0.580606458710709
-0.23711855107982244
0.3415861255014923
0.8243316949120395
0.707723292760486
0.9984453263265798
-0.975778197562711
-0.9340699575840812
0.580606458710709
-0.23711855107982244
0.3415861255014923
0.8243316949120395
0.707723292760486
0.9984453263265798
-0.975778197562711
-0.9340699575840812
0.580606458710709
-0.23711855107982244
-0.6968451209263089
-0.3252843207397872
-0.8567461048967896
0.6042172860813392
0.6182883393826109
0.06571807497436369
-0.144435706946022
0.9420344623484407
-0.6968451209263089
-0.3252843207397872
-0.8567461048967896
0.6042172860813392
0.6182883393826109
0.06571807497436369
-0.144435706946022
0.9420344623484407
-0.6968451209263089
-0.3252843207397872
-0.8567461048967896
0.6042172860813392
0.6182883393826109
0.06571807497436369
-0.144435706946022
0.9420344623484407
-0.6968451209263089
-0.3252843207397872
-0.8567461048967896
0.6042172860813392
0.6182883393826109
0.06571807497436369
-0.144435706946022
0.9420344623484407
-0.6968451209263089
-0.3252843207397872
-0.8567461048967896
0.6042172860813392
0.6182883393826109
0.06571807497436369
-0.144435706946022
0.9420344623484407
0.7497199345498615
-0.01648827566097056
-0.7127189154872736
0.9854889299625258
-0.5957328022717497
0.10858250714893442
-0.3543436409295521
0.7073138163109954
0.7497199345498615
-0.01648827566097056
-0.7127189154872736
0.9854889299625258
-0.5957328022717497
0.10858250714893442
-0.3543436409295521
0.7073138163109954
0.3415861255014923
0.8243316949120395
0.707723292760486
0.9984453263265798
-0.975778197562711
-0.9340699575840812
0.580606458710709
-0.23711855107982244
0.3415861255014923
0.8243316949120395
0.707723292760486
0.9984453263265798
-0.975778197562711
-0.9340699575840812
0.580606458710709
-0.23711855107982244
0.3415861255014923
0.8243316949120395
0.707723292760486
0.9984453263265798
-0.975778197562711
-0.9340699575840812
0.580606458710709
-0.23711855107982244
-0.800579425640312
-0.682806157315015
-0.7516357459199006
-0.10219387659063674
-0.23222897559603492
0.06677793180164526
-0.7047894685859055
0.7710510058747455
-0.800579425640312
-0.682806157315015
-0.7516357459199006
-0.10219387659063674
-0.23222897559603492
0.06677793180164526
-0.7047894685859055
0.7710510058747455
0.3363189681692257
-0.9612906262650485
-0.9462622903031259
-0.9964661787386508
0.9609748665356354
0.9850985892385161
-0.7085825325061827
0.07645385625202263
-0.027402293083143108
-0.27212341353376784
-0.3128995114994809
-0.8471545056102352
0.886007650358746
0.8559439861433923
-0.15656356736170654
-0.20360760217201565
-0.027402293083143108
-0.27212341353376784
-0.3128995114994809
-0.8471545056102352
0.886007650358746
0.8559439861433923
-0.15656356736170654
-0.20360760217201565
0.9474286743806812
0.04187555609110451
0.06444716468114765
0.47274878118673447
-0.005692391382069714
0.4230947229365536
0.1643103949512129
-0.21367469831535782
0.8304606689814312
0.8421656498554667
0.9507790563631614
0.9265838118016545
-0.9086834603999783
-0.872895598590434
0.6599719338956143
-0.6507108680159732
0.8304606689814312
0.8421656498554667
0.9507790563631614
0.9265838118016545
-0.9086834603999783
-0.872895598590434
0.6599719338956143
-0.6507108680159732
-0.26035758163510503
-0.6503832546894224
-0.019477241240296105
-0.9672858911462678
0.41717714683260987
0.746389227458773
-0.43161587754958164
-0.459347928871709
0.3363189681692257
-0.9612906262650485
-0.9462622903031259
-0.9964661787386508
0.9609748665356354
0.9850985892385161
-0.7085825325061827
0.07645385625202263
-0.4492783225956054
-0.9654834935884188
-0.991892093351333
-0.8404274192202863
0.8558660577497613
0.9323778241547421
-0.7121530443515948
0.580619476596078
-0.4492783225956054
-0.9654834935884188
-0.991892093351333
-0.8404274192202863
0.8558660577497613
0.9323778241547421
-0.7121530443515948
0.580619476596078
-0.4492783225956054
-0.9654834935884188
-0.991892093351333
-0.8404274192202863
0.8558660577497613
0.9323778241547421
-0.7121530443515948
0.580619476596078
0.7497199345498615
-0.01648827566097056
-0.7127189154872736
0.9854889299625258
-0.5957328022717497
0.10858250714893442
-0.3543436409295521
0.7073138163109954
0.7497199345498615
-0.01648827566097056
-0.7127189154872736
0.9854889299625258
-0.5957328022717497
0.10858250714893442
-0.3543436409295521
0.7073138163109954
0.3415861255014923
0.8243316949120395
0.707723292760486
0.9984453263265798
-0.975778197562711
-0.9340699575840812
0.580606458710709
-0.23711855107982244
0.3415861255014923
0.8243316949120395
0.707723292760486
0.9984453263265798
-0.975778197562711
-0.9340699575840812
0.580606458710709
-0.23711855107982244
-0.9010115729302499
0.690614700809004
0.4576342212994247
0.9488222871780603
-0.659538669793069
-0.98013899885008
0.5520900196694211
0.6057281753712368
-0.9010115729302499
0.690614700809004
0.4576342212994247
0.9488222871780603
-0.659538669793069
-0.98013899885008
0.5520900196694211
0.6057281753712368
-0.6968451209263089
-0.3252843207397872
-0.8567461048967896
0.6042172860813392
0.6182883393826109
0.06571807497436369
-0.144435706946022
0.9420344623484407
-0.6968451209263089
-0.3252843207397872
-0.8567461048967896
0.6042172860813392
0.6182883393826109
0.06571807497436369
-0.144435706946022
0.9420344623484407
-0.6968451209263089
-0.3252843207397872
-0.8567461048967896
0.6042172860813392
0.6182883393826109
0.06571807497436369
-0.144435706946022
0.9420344623484407
-0.6968451209263089
-0.3252843207397872
-0.8567461048967896
0.6042172860813392
0.6182883393826109
0.06571807497436369
-0.144435706946022
0.9420344623484407
-0.6968451209263089
-0.3252843207397872
-0.8567461048967896
0.6042172860813392
0.6182883393826109
0.06571807497436369
-0.144435706946022
0.9420344623484407
-0.6968451209263089
-0.3252843207397872
-0.8567461048967896
0.6042172860813392
0.6182883393826109
0.06571807497436369
-0.144435706946022
0.9420344623484407
0.7497199345498615
-0.01648827566097056
-0.7127189154872736
0.9854889299625258
-0.5957328022717497
0.10858250714893442
-0.3543436409295521
0.7073138163109954
0.3415861255014923
0.8243316949120395
0.707723292760486
0.9984453263265798
-0.975778197562711
-0.9340699575840812
0.580606458710709
-0.23711855107982244
0.3415861255014923
0.8243316949120395
0.707723292760486
0.9984453263265798
-0.975778197562711
-0.9340699575840812
0.580606458710709
-0.23711855107982244
0.3415861255014923
0.8243316949120395
0.707723292760486
0.9984453263265798
-0.975778197562711
-0.9340699575840812
0.580606458710709
-0.23711855107982244
-0.9010115729302499
0.690614700809004
0.4576342212994247
0.9488222871780603
-0.659538669793069
-0.98013899885008
0.5520900196694211
0.6057281753712368
-0.9010115729302499
0.690614700809004
0.4576342212994247
0.9488222871780603
-0.659538669793069
-0.98013899885008
0.5520900196694211
0.6057281753712368
-0.6968451209263089
-0.3252843207397872
-0.8567461048967896
0.6042172860813392
0.6182883393826109
0.06571807497436369
-0.144435706946022
0.9420344623484407
-0.6968451209263089
-0.3252843207397872
-0.8567461048967896
0.6042172860813392
0.6182883393826109
0.06571807497436369
-0.144435706946022
0.9420344623484407
-0.6968451209263089
-0.3252843207397872
-0.8567461048967896
0.6042172860813392
0.6182883393826109
0.06571807497436369
-0.144435706946022
0.9420344623484407
-0.6968451209263089
-0.3252843207397872
-0.8567461048967896
0.6042172860813392
0.6182883393826109
0.06571807497436369
-0.144435706946022
0.9420344623484407
-0.6968451209263089
-0.3252843207397872
-0.8567461048967896
0.6042172860813392
0.6182883393826109
0.06571807497436369
-0.144435706946022
0.9420344623484407
0.7497199345498615
-0.01648827566097056
-0.7127189154872736
0.9854889299625258
-0.5957328022717497
0.10858250714893442
-0.3543436409295521
0.7073138163109954
0.3415861255014923
0.8243316949120395
0.707723292760486
0.9984453263265798
-0.975778197562711
-0.9340699575840812
0.580606458710709
-0.23711855107982244
0.3415861255014923
0.8243316949120395
0.707723292760486
0.9984453263265798
-0.975778197562711
-0.9340699575840812
0.580606458710709
-0.23711855107982244
0.6250389379057464
-0.47250990796933134
-0.5287521422726549
0.9298173168514134
-0.9282070464816987
0.02781295337294711
-0.6020903078665105
0.609012233450505
0.6250389379057464
-0.47250990796933134
-0.5287521422726549
0.9298173168514134
-0.9282070464816987
0.02781295337294711
-0.6020903078665105
0.609012233450505
0.6250389379057464
-0.47250990796933134
-0.5287521422726549
0.9298173168514134
-0.9282070464816987
0.02781295337294711
-0.6020903078665105
0.609012233450505
0.8739731537906551
-0.9354056027229
-0.982456605024914
0.49068659244600626
-0.13030851648173275
0.8936426244453405
-0.7449117766447172
0.65675598377136
0.8739731537906551
-0.9354056027229
-0.982456605024914
0.49068659244600626
-0.13030851648173275
0.8936426244453405
-0.7449117766447172
0.65675598377136
0.8739731537906551
-0.9354056027229
-0.982456605024914
0.49068659244600626
-0.13030851648173275
0.8936426244453405
-0.7449117766447172
0.65675598377136
0.3415861255014923
0.8243316949120395
0.707723292760486
0.9984453263265798
-0.975778197562711
-0.9340699575840812
0.580606458710709
-0.23711855107982244
0.3415861255014923
0.8243316949120395
0.707723292760486
0.9984453263265798
-0.975778197562711
-0.9340699575840812
0.580606458710709
-0.23711855107982244
0.3415861255014923
0.8243316949120395
0.707723292760486
0.9984453263265798
-0.975778197562711
-0.9340699575840812
0.580606458710709
-0.23711855107982244
-0.9010115729302499
0.690614700809004
0.4576342212994247
0.9488222871780603
-0.659538669793069
-0.98013899885008
0.5520900196694211
0.6057281753712368
-0.9010115729302499
0.690614700809004
0.4576342212994247
0.9488222871780603
-0.659538669793069
-0.98013899885008
0.5520900196694211
0.6057281753712368
-0.027402293083143108
-0.27212341353376784
-0.3128995114994809
-0.8471545056102352
0.886007650358746
0.8559439861433923
-0.15656356736170654
-0.20360760217201565
-0.027402293083143108
-0.27212341353376784
-0.3128995114994809
-0.8471545056102352
0.886007650358746
0.8559439861433923
-0.15656356736170654
-0.20360760217201565
-0.027402293083143108
-0.27212341353376784
-0.3128995114994809
-0.8471545056102352
0.886007650358746
0.8559439861433923
-0.15656356736170654
-0.20360760217201565
-0.027402293083143108
-0.27212341353376784
-0.3128995114994809
-0.8471545056102352
0.886007650358746
0.8559439861433923
-0.15656356736170654
-0.20360760217201565
-0.027402293083143108
-0.27212341353376784
-0.3128995114994809
-0.8471545056102352
0.886007650358746
0.8559439861433923
-0.15656356736170654
-0.20360760217201565
0.9749341765499815
-0.9276934582085001
-0.8867448455679457
-0.8872359942088782
0.5003403278092631
0.9891103300805041
-0.7726381660040448
-0.32191791761499206
0.9749341765499815
-0.9276934582085001
-0.8867448455679457
-0.8872359942088782
0.5003403278092631
0.9891103300805041
-0.7726381660040448
-0.32191791761499206
0.916541555327421
-0.4259241603620201
0.3529532832330577
-0.2809474902533971
-0.7462623506504198
0.5157042255382599
-0.4631509856376864
-0.8225373483968982
0.916541555327421
-0.4259241603620201
0.3529532832330577
-0.2809474902533971
-0.7462623506504198
0.5157042255382599
-0.4631509856376864
-0.8225373483968982
0.916541555327421
-0.4259241603620201
0.3529532832330577
-0.2809474902533971
-0.7462623506504198
0.5157042255382599
-0.4631509856376864
-0.8225373483968982
-0.26035758163510503
-0.6503832546894224
-0.019477241240296105
-0.9672858911462678
0.41717714683260987
0.746389227458773
-0.43161587754958164
-0.459347928871709
-0.26035758163510503
-0.6503832546894224
-0.019477241240296105
-0.9672858911462678
0.41717714683260987
0.746389227458773
-0.43161587754958164
-0.459347928871709
-0.5675066713044443
0.719939731612591
0.8959968524870725
-0.12525058585120888
-0.11072710881760944
-0.8753361458479874
0.6562020997374151
-0.5554361027209922
-0.9010115729302499
0.690614700809004
0.4576342212994247
0.9488222871780603
-0.659538669793069
-0.98013899885008
0.5520900196694211
0.6057281753712368
0.3415861255014923
0.8243316949120395
0.707723292760486
0.9984453263265798
-0.975778197562711
-0.9340699575840812
0.580606458710709
-0.23711855107982244
0.3415861255014923
0.8243316949120395
0.707723292760486
0.9984453263265798
-0.975778197562711
-0.9340699575840812
0.580606458710709
-0.23711855107982244
0.7497199345498615
-0.01648827566097056
-0.7127189154872736
0.9854889299625258
-0.5957328022717497
0.10858250714893442
-0.3543436409295521
0.7073138163109954
-0.6968451209263089
-0.3252843207397872
-0.8567461048967896
0.6042172860813392
0.6182883393826109
0.06571807497436369
-0.144435706946022
0.9420344623484407
-0.6968451209263089
-0.3252843207397872
-0.8567461048967896
0.6042172860813392
0.6182883393826109
0.06571807497436369
-0.144435706946022
0.9420344623484407
-0.027402293083143108
-0.27212341353376784
-0.3128995114994809
-0.8471545056102352
0.886007650358746
0.8559439861433923
-0.15656356736170654
-0.20360760217201565
-0.027402293083143108
-0.27212341353376784
-0.3128995114994809
-0.8471545056102352
0.886007650358746
0.8559439861433923
-0.15656356736170654
-0.20360760217201565
0.7497199345498615
-0.01648827566097056
-0.7127189154872736
0.9854889299625258
-0.5957328022717497
0.10858250714893442
-0.3543436409295521
0.7073138163109954
0.7497199345498615
-0.01648827566097056
-0.7127189154872736
0.9854889299625258
-0.5957328022717497
0.10858250714893442
-0.3543436409295521
0.7073138163109954
0.9474286743806812
0.04187555609110451
0.06444716468114765
0.47274878118673447
-0.005692391382069714
0.4230947229365536
0.1643103949512129
-0.21367469831535782
-0.5675066713044443
0.719939731612591
0.8959968524870725
-0.12525058585120888
-0.11072710881760944
-0.8753361458479874
0.6562020997374151
-0.5554361027209922
-0.5675066713044443
0.719939731612591
0.8959968524870725
-0.12525058585120888
-0.11072710881760944
-0.8753361458479874
0.6562020997374151
-0.5554361027209922
-0.5675066713044443
0.719939731612591
0.8959968524870725
-0.12525058585120888
-0.11072710881760944
-0.8753361458479874
0.6562020997374151
-0.5554361027209922
-0.5675066713044443
0.719939731612591
0.8959968524870725
-0.12525058585120888
-0.11072710881760944
-0.8753361458479874
0.6562020997374151
-0.5554361027209922
-0.027402293083143108
-0.27212341353376784
-0.3128995114994809
-0.8471545056102352
0.886007650358746
0.8559439861433923
-0.15656356736170654
-0.20360760217201565
-0.027402293083143108
-0.27212341353376784
-0.3128995114994809
-0.8471545056102352
0.886007650358746
0.8559439861433923
-0.15656356736170654
-0.20360760217201565
0.3363189681692257
-0.9612906262650485
-0.9462622903031259
-0.9964661787386508
0.9609748665356354
0.9850985892385161
-0.7085825325061827
0.07645385625202263
-0.4492783225956054
-0.9654834935884188
-0.991892093351333
-0.8404274192202863
0.8558660577497613
0.9323778241547421
-0.7121530443515948
0.580619476596078
0.3363189681692257
-0.9612906262650485
-0.9462622903031259
-0.9964661787386508
0.9609748665356354
0.9850985892385161
-0.7085825325061827
0.07645385625202263
0.9749341765499815
-0.9276934582085001
-0.8867448455679457
-0.8872359942088782
0.5003403278092631
0.9891103300805041
-0.7726381660040448
-0.32191791761499206
0.8739731537906551
-0.9354056027229
-0.982456605024914
0.49068659244600626
-0.13030851648173275
0.8936426244453405
-0.7449117766447172
0.65675598377136
0.8739731537906551
-0.9354056027229
-0.982456605024914
0.49068659244600626
-0.13030851648173275
0.8936426244453405
-0.7449117766447172
0.65675598377136
0.916541555327421
-0.4259241603620201
0.3529532832330577
-0.2809474902533971
-0.7462623506504198
0.5157042255382599
-0.4631509856376864
-0.8225373483968982
0.916541555327421
-0.4259241603620201
0.3529532832330577
-0.2809474902533971
-0.7462623506504198
0.5157042255382599
-0.4631509856376864
-0.8225373483968982
0.6250389379057464
-0.47250990796933134
-0.5287521422726549
0.9298173168514134
-0.9282070464816987
0.02781295337294711
-0.6020903078665105
0.609012233450505
0.6250389379057464
-0.47250990796933134
-0.5287521422726549
0.9298173168514134
-0.9282070464816987
0.02781295337294711
-0.6020903078665105
0.609012233450505
0.6250389379057464
-0.47250990796933134
-0.5287521422726549
0.9298173168514134
-0.9282070464816987
0.02781295337294711
-0.6020903078665105
0.609012233450505
-0.5675066713044443
0.719939731612591
0.8959968524870725
-0.12525058585120888
-0.11072710881760944
-0.8753361458479874
0.6562020997374151
-0.5554361027209922
0.8304606689814312
0.8421656498554667
0.9507790563631614
0.9265838118016545
-0.9086834603999783
-0.872895598590434
0.6599719338956143
-0.6507108680159732
0.3415861255014923
0.8243316949120395
0.707723292760486
0.9984453263265798
-0.975778197562711
-0.9340699575840812
0.580606458710709
-0.23711855107982244
0.3415861255014923
0.8243316949120395
0.707723292760486
0.9984453263265798
-0.975778197562711
-0.9340699575840812
0.580606458710709
-0.23711855107982244
-0.5675066713044443
0.719939731612591
0.8959968524870725
-0.12525058585120888
-0.11072710881760944
-0.8753361458479874
0.6562020997374151
-0.5554361027209922
0.3363189681692257
-0.9612906262650485
-0.9462622903031259
-0.9964661787386508
0.9609748665356354
0.9850985892385161
-0.7085825325061827
0.07645385625202263
0.3363189681692257
-0.9612906262650485
-0.9462622903031259
-0.9964661787386508
0.9609748665356354
0.9850985892385161
-0.7085825325061827
0.07645385625202263
0.3363189681692257
-0.9612906262650485
-0.9462622903031259
-0.9964661787386508
0.9609748665356354
0.9850985892385161
-0.7085825325061827
0.07645385625202263
-0.027402293083143108
-0.27212341353376784
-0.3128995114994809
-0.8471545056102352
0.886007650358746
0.8559439861433923
-0.15656356736170654
-0.20360760217201565
0.3363189681692257
-0.9612906262650485
-0.9462622903031259
-0.9964661787386508
0.9609748665356354
0.9850985892385161
-0.7085825325061827
0.07645385625202263
0.3363189681692257
-0.9612906262650485
-0.9462622903031259
-0.9964661787386508
0.9609748665356354
0.9850985892385161
-0.7085825325061827
0.07645385625202263
0.9749341765499815
-0.9276934582085001
-0.8867448455679457
-0.8872359942088782
0.5003403278092631
0.9891103300805041
-0.7726381660040448
-0.32191791761499206
0.8739731537906551
-0.9354056027229
-0.982456605024914
0.49068659244600626
-0.13030851648173275
0.8936426244453405
-0.7449117766447172
0.65675598377136
0.6250389379057464
-0.47250990796933134
-0.5287521422726549
0.9298173168514134
-0.9282070464816987
0.02781295337294711
-0.6020903078665105
0.609012233450505
0.6250389379057464
-0.47250990796933134
-0.5287521422726549
0.9298173168514134
-0.9282070464816987
0.02781295337294711
-0.6020903078665105
0.609012233450505
0.916541555327421
-0.4259241603620201
0.3529532832330577
-0.2809474902533971
-0.7462623506504198
0.5157042255382599
-0.4631509856376864
-0.8225373483968982
0.8304606689814312
0.8421656498554667
0.9507790563631614
0.9265838118016545
-0.9086834603999783
-0.872895598590434
0.6599719338956143
-0.6507108680159732
0.3415861255014923
0.8243316949120395
0.707723292760486
0.9984453263265798
-0.975778197562711
-0.9340699575840812
0.580606458710709
-0.23711855107982244
0.3415861255014923
0.8243316949120395
0.707723292760486
0.9984453263265798
-0.975778197562711
-0.9340699575840812
0.580606458710709
-0.23711855107982244
0.8304606689814312
0.8421656498554667
0.9507790563631614
0.9265838118016545
-0.9086834603999783
-0.872895598590434
0.6599719338956143
-0.6507108680159732
-0.027402293083143108
-0.27212341353376784
-0.3128995114994809
-0.8471545056102352
0.886007650358746
0.8559439861433923
-0.15656356736170654
-0.20360760217201565
0.3363189681692257
-0.9612906262650485
-0.9462622903031259
-0.9964661787386508
0.9609748665356354
0.9850985892385161
-0.7085825325061827
0.07645385625202263
0.3363189681692257
-0.9612906262650485
-0.9462622903031259
-0.9964661787386508
0.9609748665356354
0.9850985892385161
-0.7085825325061827
0.07645385625202263
0.3363189681692257
-0.9612906262650485
-0.9462622903031259
-0.9964661787386508
0.9609748665356354
0.9850985892385161
-0.7085825325061827
0.07645385625202263
0.3363189681692257
-0.9612906262650485
-0.9462622903031259
-0.9964661787386508
0.9609748665356354
0.9850985892385161
-0.7085825325061827
0.07645385625202263
0.7497199345498615
-0.01648827566097056
-0.7127189154872736
0.9854889299625258
-0.5957328022717497
0.10858250714893442
-0.3543436409295521
0.7073138163109954
0.7497199345498615
-0.01648827566097056
-0.7127189154872736
0.9854889299625258
-0.5957328022717497
0.10858250714893442
-0.3543436409295521
0.7073138163109954
0.7497199345498615
-0.01648827566097056
-0.7127189154872736
0.9854889299625258
-0.5957328022717497
0.10858250714893442
-0.3543436409295521
0.7073138163109954
-0.9010115729302499
0.690614700809004
0.4576342212994247
0.9488222871780603
-0.659538669793069
-0.98013899885008
0.5520900196694211
0.6057281753712368
-0.9010115729302499
0.690614700809004
0.4576342212994247
0.9488222871780603
-0.659538669793069
-0.98013899885008
0.5520900196694211
0.6057281753712368
-0.9010115729302499
0.690614700809004
0.4576342212994247
0.9488222871780603
-0.659538669793069
-0.98013899885008
0.5520900196694211
0.6057281753712368
-0.9010115729302499
0.690614700809004
0.4576342212994247
0.9488222871780603
-0.659538669793069
-0.98013899885008
0.5520900196694211
0.6057281753712368
-0.9010115729302499
0.690614700809004
0.4576342212994247
0.9488222871780603
-0.659538669793069
-0.98013899885008
0.5520900196694211
0.6057281753712368
-0.6968451209263089
-0.3252843207397872
-0.8567461048967896
0.6042172860813392
0.6182883393826109
0.06571807497436369
-0.144435706946022
0.9420344623484407
-0.6968451209263089
-0.3252843207397872
-0.8567461048967896
0.6042172860813392
0.6182883393826109
0.06571807497436369
-0.144435706946022
0.9420344623484407
-0.6968451209263089
-0.3252843207397872
-0.8567461048967896
0.6042172860813392
0.6182883393826109
0.06571807497436369
-0.144435706946022
0.9420344623484407
-0.6968451209263089
-0.3252843207397872
-0.8567461048967896
0.6042172860813392
0.6182883393826109
0.06571807497436369
-0.144435706946022
0.9420344623484407
-0.6968451209263089
-0.3252843207397872
-0.8567461048967896
0.6042172860813392
0.6182883393826109
0.06571807497436369
-0.144435706946022
0.9420344623484407
0.3415861255014923
0.8243316949120395
0.707723292760486
0.9984453263265798
-0.975778197562711
-0.9340699575840812
0.580606458710709
-0.23711855107982244
0.3415861255014923
0.8243316949120395
0.707723292760486
0.9984453263265798
-0.975778197562711
-0.9340699575840812
0.580606458710709
-0.23711855107982244
0.3415861255014923
0.8243316949120395
0.707723292760486
0.9984453263265798
-0.975778197562711
-0.9340699575840812
0.580606458710709
-0.23711855107982244
0.6250389379057464
-0.47250990796933134
-0.5287521422726549
0.9298173168514134
-0.9282070464816987
0.02781295337294711
-0.6020903078665105
0.609012233450505
0.6250389379057464
-0.47250990796933134
-0.5287521422726549
0.9298173168514134
-0.9282070464816987
0.02781295337294711
-0.6020903078665105
0.609012233450505
0.8739731537906551
-0.9354056027229
-0.982456605024914
0.49068659244600626
-0.13030851648173275
0.8936426244453405
-0.7449117766447172
0.65675598377136
0.8739731537906551
-0.9354056027229
-0.982456605024914
0.49068659244600626
-0.13030851648173275
0.8936426244453405
-0.7449117766447172
0.65675598377136
0.9749341765499815
-0.9276934582085001
-0.8867448455679457
-0.8872359942088782
0.5003403278092631
0.9891103300805041
-0.7726381660040448
-0.32191791761499206
0.9749341765499815
-0.9276934582085001
-0.8867448455679457
-0.8872359942088782
0.5003403278092631
0.9891103300805041
-0.7726381660040448
-0.32191791761499206
0.916541555327421
-0.4259241603620201
0.3529532832330577
-0.2809474902533971
-0.7462623506504198
0.5157042255382599
-0.4631509856376864
-0.8225373483968982
0.6250389379057464
-0.47250990796933134
-0.5287521422726549
0.9298173168514134
-0.9282070464816987
0.02781295337294711
-0.6020903078665105
0.609012233450505
0.916541555327421
-0.4259241603620201
0.3529532832330577
-0.2809474902533971
-0.7462623506504198
0.5157042255382599
-0.4631509856376864
-0.8225373483968982
-0.26035758163510503
-0.6503832546894224
-0.019477241240296105
-0.9672858911462678
0.41717714683260987
0.746389227458773
-0.43161587754958164
-0.459347928871709
-0.9010115729302499
0.690614700809004
0.4576342212994247
0.9488222871780603
-0.659538669793069
-0.98013899885008
0.5520900196694211
0.6057281753712368
-0.9010115729302499
0.690614700809004
0.4576342212994247
0.9488222871780603
-0.659538669793069
-0.98013899885008
0.5520900196694211
0.6057281753712368
-0.9010115729302499
0.690614700809004
0.4576342212994247
0.9488222871780603
-0.659538669793069
-0.98013899885008
0.5520900196694211
0.6057281753712368
-0.6968451209263089
-0.3252843207397872
-0.8567461048967896
0.6042172860813392
0.6182883393826109
0.06571807497436369
-0.144435706946022
0.9420344623484407
-0.6968451209263089
-0.3252843207397872
-0.8567461048967896
0.6042172860813392
0.6182883393826109
0.06571807497436369
-0.144435706946022
0.9420344623484407
0.7497199345498615
-0.01648827566097056
-0.7127189154872736
0.9854889299625258
-0.5957328022717497
0.10858250714893442
-0.3543436409295521
0.7073138163109954
0.7497199345498615
-0.01648827566097056
-0.7127189154872736
0.9854889299625258
-0.5957328022717497
0.10858250714893442
-0.3543436409295521
0.7073138163109954
0.7497199345498615
-0.01648827566097056
-0.7127189154872736
0.9854889299625258
-0.5957328022717497
0.10858250714893442
-0.3543436409295521
0.7073138163109954
0.7497199345498615
-0.01648827566097056
-0.7127189154872736
0.9854889299625258
-0.5957328022717497
0.10858250714893442
-0.3543436409295521
0.7073138163109954
0.3415861255014923
0.8243316949120395
0.707723292760486
0.9984453263265798
-0.975778197562711
-0.9340699575840812
0.580606458710709
-0.23711855107982244
0.3415861255014923
0.8243316949120395
0.707723292760486
0.9984453263265798
-0.975778197562711
-0.9340699575840812
0.580606458710709
-0.23711855107982244
0.3415861255014923
0.8243316949120395
0.707723292760486
0.9984453263265798
-0.975778197562711
-0.9340699575840812
0.580606458710709
-0.23711855107982244
-0.9010115729302499
0.690614700809004
0.4576342212994247
0.9488222871780603
-0.659538669793069
-0.98013899885008
0.5520900196694211
0.6057281753712368
-0.6968451209263089
-0.3252843207397872
-0.8567461048967896
0.6042172860813392
0.6182883393826109
0.06571807497436369
-0.144435706946022
0.9420344623484407
-0.6968451209263089
-0.3252843207397872
-0.8567461048967896
0.6042172860813392
0.6182883393826109
0.06571807497436369
-0.144435706946022
0.9420344623484407
-0.6968451209263089
-0.3252843207397872
-0.8567461048967896
0.6042172860813392
0.6182883393826109
0.06571807497436369
-0.144435706946022
0.9420344623484407
-0.6968451209263089
-0.3252843207397872
-0.8567461048967896
0.6042172860813392
0.6182883393826109
0.06571807497436369
-0.144435706946022
0.9420344623484407
-0.6968451209263089
-0.3252843207397872
-0.8567461048967896
0.6042172860813392
0.6182883393826109
0.06571807497436369
-0.144435706946022
0.9420344623484407
0.7497199345498615
-0.01648827566097056
-0.7127189154872736
0.9854889299625258
-0.5957328022717497
0.10858250714893442
-0.3543436409295521
0.7073138163109954
0.3415861255014923
0.8243316949120395
0.707723292760486
0.9984453263265798
-0.975778197562711
-0.9340699575840812
0.580606458710709
-0.23711855107982244
0.3415861255014923
0.8243316949120395
0.707723292760486
0.9984453263265798
-0.975778197562711
-0.9340699575840812
0.580606458710709
-0.23711855107982244
0.3415861255014923
0.8243316949120395
0.707723292760486
0.9984453263265798
-0.975778197562711
-0.9340699575840812
0.580606458710709
-0.23711855107982244
0.3415861255014923
0.8243316949120395
0.707723292760486
0.9984453263265798
-0.975778197562711
-0.9340699575840812
0.580606458710709
-0.23711855107982244
-0.4492783225956054
-0.9654834935884188
-0.991892093351333
-0.8404274192202863
0.8558660577497613
0.9323778241547421
-0.7121530443515948
0.580619476596078
-0.4492783225956054
-0.9654834935884188
-0.991892093351333
-0.8404274192202863
0.8558660577497613
0.9323778241547421
-0.7121530443515948
0.580619476596078
-0.4492783225956054
-0.9654834935884188
-0.991892093351333
-0.8404274192202863
0.8558660577497613
0.9323778241547421
-0.7121530443515948
0.580619476596078
-0.4492783225956054
-0.9654834935884188
-0.991892093351333
-0.8404274192202863
0.8558660577497613
0.9323778241547421
-0.7121530443515948
0.580619476596078
-0.6968451209263089
-0.3252843207397872
-0.8567461048967896
0.6042172860813392
0.6182883393826109
0.06571807497436369
-0.144435706946022
0.9420344623484407
-0.027402293083143108
-0.27212341353376784
-0.3128995114994809
-0.8471545056102352
0.886007650358746
0.8559439861433923
-0.15656356736170654
-0.20360760217201565
0.9474286743806812
0.04187555609110451
0.06444716468114765
0.47274878118673447
-0.005692391382069714
0.4230947229365536
0.1643103949512129
-0.21367469831535782
0.8304606689814312
0.8421656498554667
0.9507790563631614
0.9265838118016545
-0.9086834603999783
-0.872895598590434
0.6599719338956143
-0.6507108680159732
0.8304606689814312
0.8421656498554667
0.9507790563631614
0.9265838118016545
-0.9086834603999783
-0.872895598590434
0.6599719338956143
-0.6507108680159732
0.8304606689814312
0.8421656498554667
0.9507790563631614
0.9265838118016545
-0.9086834603999783
-0.872895598590434
0.6599719338956143
-0.6507108680159732
0.9749341765499815
-0.9276934582085001
-0.8867448455679457
-0.8872359942088782
0.5003403278092631
0.9891103300805041
-0.7726381660040448
-0.32191791761499206
0.3363189681692257
-0.9612906262650485
-0.9462622903031259
-0.9964661787386508
0.9609748665356354
0.9850985892385161
-0.7085825325061827
0.07645385625202263
0.3363189681692257
-0.9612906262650485
-0.9462622903031259
-0.9964661787386508
0.9609748665356354
0.9850985892385161
-0.7085825325061827
0.07645385625202263
-0.4492783225956054
-0.9654834935884188
-0.991892093351333
-0.8404274192202863
0.8558660577497613
0.9323778241547421
-0.7121530443515948
0.580619476596078
-0.6968451209263089
-0.3252843207397872
-0.8567461048967896
0.6042172860813392
0.6182883393826109
0.06571807497436369
-0.144435706946022
0.9420344623484407
0.7497199345498615
-0.01648827566097056
-0.7127189154872736
0.9854889299625258
-0.5957328022717497
0.10858250714893442
-0.3543436409295521
0.7073138163109954
0.7497199345498615
-0.01648827566097056
-0.7127189154872736
0.9854889299625258
-0.5957328022717497
0.10858250714893442
-0.3543436409295521
0.7073138163109954
-0.6968451209263089
-0.3252843207397872
-0.8567461048967896
0.6042172860813392
0.6182883393826109
0.06571807497436369
-0.144435706946022
0.9420344623484407
-0.6968451209263089
-0.3252843207397872
-0.8567461048967896
0.6042172860813392
0.6182883393826109
0.06571807497436369
-0.144435706946022
0.9420344623484407
-0.6968451209263089
-0.3252843207397872
-0.8567461048967896
0.6042172860813392
0.6182883393826109
0.06571807497436369
-0.144435706946022
0.9420344623484407
0.3415861255014923
0.8243316949120395
0.707723292760486
0.9984453263265798
-0.975778197562711
-0.9340699575840812
0.580606458710709
-0.23711855107982244
0.3415861255014923
0.8243316949120395
0.707723292760486
0.9984453263265798
-0.975778197562711
-0.9340699575840812
0.580606458710709
-0.23711855107982244
-0.9010115729302499
0.690614700809004
0.4576342212994247
0.9488222871780603
-0.659538669793069
-0.98013899885008
0.5520900196694211
0.6057281753712368
-0.9010115729302499
0.690614700809004
0.4576342212994247
0.9488222871780603
-0.659538669793069
-0.98013899885008
0.5520900196694211
0.6057281753712368
-0.6968451209263089
-0.3252843207397872
-0.8567461048967896
0.6042172860813392
0.6182883393826109
0.06571807497436369
-0.144435706946022
0.9420344623484407
-0.6968451209263089
-0.3252843207397872
-0.8567461048967896
0.6042172860813392
0.6182883393826109
0.06571807497436369
-0.144435706946022
0.9420344623484407
-0.6968451209263089
-0.3252843207397872
-0.8567461048967896
0.6042172860813392
0.6182883393826109
0.06571807497436369
-0.144435706946022
0.9420344623484407
-0.6968451209263089
-0.3252843207397872
-0.8567461048967896
0.6042172860813392
0.6182883393826109
0.06571807497436369
-0.144435706946022
0.9420344623484407
-0.6968451209263089
-0.3252843207397872
-0.8567461048967896
0.6042172860813392
0.6182883393826109
0.06571807497436369
-0.144435706946022
0.9420344623484407
-0.6968451209263089
-0.3252843207397872
-0.8567461048967896
0.6042172860813392
0.6182883393826109
0.06571807497436369
-0.144435706946022
0.9420344623484407
0.3415861255014923
0.8243316949120395
0.707723292760486
0.9984453263265798
-0.975778197562711
-0.9340699575840812
0.580606458710709
-0.23711855107982244
0.3415861255014923
0.8243316949120395
0.707723292760486
0.9984453263265798
-0.975778197562711
-0.9340699575840812
0.580606458710709
-0.23711855107982244
0.3415861255014923
0.8243316949120395
0.707723292760486
0.9984453263265798
-0.975778197562711
-0.9340699575840812
0.580606458710709
-0.23711855107982244
0.3415861255014923
0.8243316949120395
0.707723292760486
0.9984453263265798
-0.975778197562711
-0.9340699575840812
0.580606458710709
-0.23711855107982244
-0.6968451209263089
-0.3252843207397872
-0.8567461048967896
0.6042172860813392
0.6182883393826109
0.06571807497436369
-0.144435706946022
0.9420344623484407
-0.6968451209263089
-0.3252843207397872
-0.8567461048967896
0.6042172860813392
0.6182883393826109
0.06571807497436369
-0.144435706946022
0.9420344623484407
-0.6968451209263089
-0.3252843207397872
-0.8567461048967896
0.6042172860813392
0.6182883393826109
0.06571807497436369
-0.144435706946022
0.9420344623484407
-0.6968451209263089
-0.3252843207397872
-0.8567461048967896
0.6042172860813392
0.6182883393826109
0.06571807497436369
-0.144435706946022
0.9420344623484407
-0.6968451209263089
-0.3252843207397872
-0.8567461048967896
0.6042172860813392
0.6182883393826109
0.06571807497436369
-0.144435706946022
0.9420344623484407
0.9474286743806812
0.04187555609110451
0.06444716468114765
0.47274878118673447
-0.005692391382069714
0.4230947229365536
0.1643103949512129
-0.21367469831535782
0.8304606689814312
0.8421656498554667
0.9507790563631614
0.9265838118016545
-0.9086834603999783
-0.872895598590434
0.6599719338956143
-0.6507108680159732
0.3415861255014923
0.8243316949120395
0.707723292760486
0.9984453263265798
-0.975778197562711
-0.9340699575840812
0.580606458710709
-0.23711855107982244
0.8304606689814312
0.8421656498554667
0.9507790563631614
0.9265838118016545
-0.9086834603999783
-0.872895598590434
0.6599719338956143
-0.6507108680159732
0.916541555327421
-0.4259241603620201
0.3529532832330577
-0.2809474902533971
-0.7462623506504198
0.5157042255382599
-0.4631509856376864
-0.8225373483968982
0.3363189681692257
-0.9612906262650485
-0.9462622903031259
-0.9964661787386508
0.9609748665356354
0.9850985892385161
-0.7085825325061827
0.07645385625202263
0.3363189681692257
-0.9612906262650485
-0.9462622903031259
-0.9964661787386508
0.9609748665356354
0.9850985892385161
-0.7085825325061827
0.07645385625202263
0.3363189681692257
-0.9612906262650485
-0.9462622903031259
-0.9964661787386508
0.9609748665356354
0.9850985892385161
-0.7085825325061827
0.07645385625202263
0.3363189681692257
-0.9612906262650485
-0.9462622903031259
-0.9964661787386508
0.9609748665356354
0.9850985892385161
-0.7085825325061827
0.07645385625202263
-0.6968451209263089
-0.3252843207397872
-0.8567461048967896
0.6042172860813392
0.6182883393826109
0.06571807497436369
-0.144435706946022
0.9420344623484407
0.7497199345498615
-0.01648827566097056
-0.7127189154872736
0.9854889299625258
-0.5957328022717497
0.10858250714893442
-0.3543436409295521
0.7073138163109954
0.3415861255014923
0.8243316949120395
0.707723292760486
0.9984453263265798
-0.975778197562711
-0.9340699575840812
0.580606458710709
-0.23711855107982244
0.3415861255014923
0.8243316949120395
0.707723292760486
0.9984453263265798
-0.975778197562711
-0.9340699575840812
0.580606458710709
-0.23711855107982244
0.3415861255014923
0.8243316949120395
0.707723292760486
0.9984453263265798
-0.975778197562711
-0.9340699575840812
0.580606458710709
-0.23711855107982244
-0.9010115729302499
0.690614700809004
0.4576342212994247
0.9488222871780603
-0.659538669793069
-0.98013899885008
0.5520900196694211
0.6057281753712368
-0.4492783225956054
-0.9654834935884188
-0.991892093351333
-0.8404274192202863
0.8558660577497613
0.9323778241547421
-0.7121530443515948
0.580619476596078
-0.4492783225956054
-0.9654834935884188
-0.991892093351333
-0.8404274192202863
0.8558660577497613
0.9323778241547421
-0.7121530443515948
0.580619476596078
-0.6968451209263089
-0.3252843207397872
-0.8567461048967896
0.6042172860813392
0.6182883393826109
0.06571807497436369
-0.144435706946022
0.9420344623484407
-0.6968451209263089
-0.3252843207397872
-0.8567461048967896
0.6042172860813392
0.6182883393826109
0.06571807497436369
-0.144435706946022
0.9420344623484407
-0.6968451209263089
-0.3252843207397872
-0.8567461048967896
0.6042172860813392
0.6182883393826109
0.06571807497436369
-0.144435706946022
0.9420344623484407
-0.6968451209263089
-0.3252843207397872
-0.8567461048967896
0.6042172860813392
0.6182883393826109
0.06571807497436369
-0.144435706946022
0.9420344623484407
0.7497199345498615
-0.01648827566097056
-0.7127189154872736
0.9854889299625258
-0.5957328022717497
0.10858250714893442
-0.3543436409295521
0.7073138163109954
0.3415861255014923
0.8243316949120395
0.707723292760486
0.9984453263265798
-0.975778197562711
-0.9340699575840812
0.580606458710709
-0.23711855107982244
0.3415861255014923
0.8243316949120395
0.707723292760486
0.9984453263265798
-0.975778197562711
-0.9340699575840812
0.580606458710709
-0.23711855107982244
0.3415861255014923
0.8243316949120395
0.707723292760486
0.9984453263265798
-0.975778197562711
-0.9340699575840812
0.580606458710709
-0.23711855107982244
-0.9010115729302499
0.690614700809004
0.4576342212994247
0.9488222871780603
-0.659538669793069
-0.98013899885008
0.5520900196694211
0.6057281753712368
-0.9010115729302499
0.690614700809004
0.4576342212994247
0.9488222871780603
-0.659538669793069
-0.98013899885008
0.5520900196694211
0.6057281753712368
-0.6968451209263089
-0.3252843207397872
-0.8567461048967896
0.6042172860813392
0.6182883393826109
0.06571807497436369
-0.144435706946022
0.9420344623484407
-0.6968451209263089
-0.3252843207397872
-0.8567461048967896
0.6042172860813392
0.6182883393826109
0.06571807497436369
-0.144435706946022
0.9420344623484407
-0.6968451209263089
-0.3252843207397872
-0.8567461048967896
0.6042172860813392
0.6182883393826109
0.06571807497436369
-0.144435706946022
0.9420344623484407
-0.6968451209263089
-0.3252843207397872
-0.8567461048967896
0.6042172860813392
0.6182883393826109
0.06571807497436369
-0.144435706946022
0.9420344623484407
-0.6968451209263089
-0.3252843207397872
-0.8567461048967896
0.6042172860813392
0.6182883393826109
0.06571807497436369
-0.144435706946022
0.9420344623484407
0.3415861255014923
0.8243316949120395
0.707723292760486
0.9984453263265798
-0.975778197562711
-0.9340699575840812
0.580606458710709
-0.23711855107982244
0.3415861255014923
0.8243316949120395
0.707723292760486
0.9984453263265798
-0.975778197562711
-0.9340699575840812
0.580606458710709
-0.23711855107982244
0.3415861255014923
0.8243316949120395
0.707723292760486
0.9984453263265798
-0.975778197562711
-0.9340699575840812
0.580606458710709
-0.23711855107982244
0.7497199345498615
-0.01648827566097056
-0.7127189154872736
0.9854889299625258
-0.5957328022717497
0.10858250714893442
-0.3543436409295521
0.7073138163109954
0.8739731537906551
-0.9354056027229
-0.982456605024914
0.49068659244600626
-0.13030851648173275
0.8936426244453405
-0.7449117766447172
0.65675598377136
0.8739731537906551
-0.9354056027229
-0.982456605024914
0.49068659244600626
-0.13030851648173275
0.8936426244453405
-0.7449117766447172
0.65675598377136
0.3363189681692257
-0.9612906262650485
-0.9462622903031259
-0.9964661787386508
0.9609748665356354
0.9850985892385161
-0.7085825325061827
0.07645385625202263
0.9749341765499815
-0.9276934582085001
-0.8867448455679457
-0.8872359942088782
0.5003403278092631
0.9891103300805041
-0.7726381660040448
-0.32191791761499206
0.9474286743806812
0.04187555609110451
0.06444716468114765
0.47274878118673447
-0.005692391382069714
0.4230947229365536
0.1643103949512129
-0.21367469831535782
0.9474286743806812
0.04187555609110451
0.06444716468114765
0.47274878118673447
-0.005692391382069714
0.4230947229365536
0.1643103949512129
-0.21367469831535782
0.8304606689814312
0.8421656498554667
0.9507790563631614
0.9265838118016545
-0.9086834603999783
-0.872895598590434
0.6599719338956143
-0.6507108680159732
-0.26035758163510503
-0.6503832546894224
-0.019477241240296105
-0.9672858911462678
0.41717714683260987
0.746389227458773
-0.43161587754958164
-0.459347928871709
-0.26035758163510503
-0.6503832546894224
-0.019477241240296105
-0.9672858911462678
0.41717714683260987
0.746389227458773
-0.43161587754958164
-0.459347928871709
0.3363189681692257
-0.9612906262650485
-0.9462622903031259
-0.9964661787386508
0.9609748665356354
0.9850985892385161
-0.7085825325061827
0.07645385625202263
-0.6968451209263089
-0.3252843207397872
-0.8567461048967896
0.6042172860813392
0.6182883393826109
0.06571807497436369
-0.144435706946022
0.9420344623484407
-0.6968451209263089
-0.3252843207397872
-0.8567461048967896
0.6042172860813392
0.6182883393826109
0.06571807497436369
-0.144435706946022
0.9420344623484407
0.3415861255014923
0.8243316949120395
0.707723292760486
0.9984453263265798
-0.975778197562711
-0.9340699575840812
0.580606458710709
-0.23711855107982244
0.3415861255014923
0.8243316949120395
0.707723292760486
0.9984453263265798
-0.975778197562711
-0.9340699575840812
0.580606458710709
-0.23711855107982244
-0.9010115729302499
0.690614700809004
0.4576342212994247
0.9488222871780603
-0.659538669793069
-0.98013899885008
0.5520900196694211
0.6057281753712368
-0.6968451209263089
-0.3252843207397872
-0.8567461048967896
0.6042172860813392
0.6182883393826109
0.06571807497436369
-0.144435706946022
0.9420344623484407
-0.027402293083143108
-0.27212341353376784
-0.3128995114994809
-0.8471545056102352
0.886007650358746
0.8559439861433923
-0.15656356736170654
-0.20360760217201565
-0.027402293083143108
-0.27212341353376784
-0.3128995114994809
-0.8471545056102352
0.886007650358746
0.8559439861433923
-0.15656356736170654
-0.20360760217201565
-0.6968451209263089
-0.3252843207397872
-0.8567461048967896
0.6042172860813392
0.6182883393826109
0.06571807497436369
-0.144435706946022
0.9420344623484407
-0.6968451209263089
-0.3252843207397872
-0.8567461048967896
0.6042172860813392
0.6182883393826109
0.06571807497436369
-0.144435706946022
0.9420344623484407
-0.5675066713044443
0.719939731612591
0.8959968524870725
-0.12525058585120888
-0.11072710881760944
-0.8753361458479874
0.6562020997374151
-0.5554361027209922
0.8304606689814312
0.8421656498554667
0.9507790563631614
0.9265838118016545
-0.9086834603999783
-0.872895598590434
0.6599719338956143
-0.6507108680159732
0.3415861255014923
0.8243316949120395
0.707723292760486
0.9984453263265798
-0.975778197562711
-0.9340699575840812
0.580606458710709
-0.23711855107982244
0.8304606689814312
0.8421656498554667
0.9507790563631614
0.9265838118016545
-0.9086834603999783
-0.872895598590434
0.6599719338956143
-0.6507108680159732
0.3363189681692257
-0.9612906262650485
-0.9462622903031259
-0.9964661787386508
0.9609748665356354
0.9850985892385161
-0.7085825325061827
0.07645385625202263
0.3363189681692257
-0.9612906262650485
-0.9462622903031259
-0.9964661787386508
0.9609748665356354
0.9850985892385161
-0.7085825325061827
0.07645385625202263
-0.4492783225956054
-0.9654834935884188
-0.991892093351333
-0.8404274192202863
0.8558660577497613
0.9323778241547421
-0.7121530443515948
0.580619476596078
-0.027402293083143108
-0.27212341353376784
-0.3128995114994809
-0.8471545056102352
0.886007650358746
0.8559439861433923
-0.15656356736170654
-0.20360760217201565
-0.6968451209263089
-0.3252843207397872
-0.8567461048967896
0.6042172860813392
0.6182883393826109
0.06571807497436369
-0.144435706946022
0.9420344623484407
-0.6968451209263089
-0.3252843207397872
-0.8567461048967896
0.6042172860813392
0.6182883393826109
0.06571807497436369
-0.144435706946022
0.9420344623484407
0.7497199345498615
-0.01648827566097056
-0.7127189154872736
0.9854889299625258
-0.5957328022717497
0.10858250714893442
-0.3543436409295521
0.7073138163109954
0.7497199345498615
-0.01648827566097056
-0.7127189154872736
0.9854889299625258
-0.5957328022717497
0.10858250714893442
-0.3543436409295521
0.7073138163109954
0.3415861255014923
0.8243316949120395
0.707723292760486
0.9984453263265798
-0.975778197562711
-0.9340699575840812
0.580606458710709
-0.23711855107982244
0.3415861255014923
0.8243316949120395
0.707723292760486
0.9984453263265798
-0.975778197562711
-0.9340699575840812
0.580606458710709
-0.23711855107982244
0.3415861255014923
0.8243316949120395
0.707723292760486
0.9984453263265798
-0.975778197562711
-0.9340699575840812
0.580606458710709
-0.23711855107982244
-0.9010115729302499
0.690614700809004
0.4576342212994247
0.9488222871780603
-0.659538669793069
-0.98013899885008
0.5520900196694211
0.6057281753712368
-0.800579425640312
-0.682806157315015
-0.7516357459199006
-0.10219387659063674
-0.23222897559603492
0.06677793180164526
-0.7047894685859055
0.7710510058747455
-0.4492783225956054
-0.9654834935884188
-0.991892093351333
-0.8404274192202863
0.8558660577497613
0.9323778241547421
-0.7121530443515948
0.580619476596078
-0.6968451209263089
-0.3252843207397872
-0.8567461048967896
0.6042172860813392
0.6182883393826109
0.06571807497436369
-0.144435706946022
0.9420344623484407
-0.6968451209263089
-0.3252843207397872
-0.8567461048967896
0.6042172860813392
0.6182883393826109
0.06571807497436369
-0.144435706946022
0.9420344623484407
-0.6968451209263089
-0.3252843207397872
-0.8567461048967896
0.6042172860813392
0.6182883393826109
0.06571807497436369
-0.144435706946022
0.9420344623484407
0.7497199345498615
-0.01648827566097056
-0.7127189154872736
0.9854889299625258
-0.5957328022717497
0.10858250714893442
-0.3543436409295521
0.7073138163109954
0.3415861255014923
0.8243316949120395
0.707723292760486
0.9984453263265798
-0.975778197562711
-0.9340699575840812
0.580606458710709
-0.23711855107982244
0.3415861255014923
0.8243316949120395
0.707723292760486
0.9984453263265798
-0.975778197562711
-0.9340699575840812
0.580606458710709
-0.23711855107982244
0.3415861255014923
0.8243316949120395
0.707723292760486
0.9984453263265798
-0.975778197562711
-0.9340699575840812
0.580606458710709
-0.23711855107982244
0.3415861255014923
0.8243316949120395
0.707723292760486
0.9984453263265798
-0.975778197562711
-0.9340699575840812
0.580606458710709
-0.23711855107982244
-0.4492783225956054
-0.9654834935884188
-0.991892093351333
-0.8404274192202863
0.8558660577497613
0.9323778241547421
-0.7121530443515948
0.580619476596078
-0.4492783225956054
-0.9654834935884188
-0.991892093351333
-0.8404274192202863
0.8558660577497613
0.9323778241547421
-0.7121530443515948
0.580619476596078
-0.4492783225956054
-0.9654834935884188
-0.991892093351333
-0.8404274192202863
0.8558660577497613
0.9323778241547421
-0.7121530443515948
0.580619476596078
-0.027402293083143108
-0.27212341353376784
-0.3128995114994809
-0.8471545056102352
0.886007650358746
0.8559439861433923
-0.15656356736170654
-0.20360760217201565
-0.027402293083143108
-0.27212341353376784
-0.3128995114994809
-0.8471545056102352
0.886007650358746
0.8559439861433923
-0.15656356736170654
-0.20360760217201565
-0.027402293083143108
-0.27212341353376784
-0.3128995114994809
-0.8471545056102352
0.886007650358746
0.8559439861433923
-0.15656356736170654
-0.20360760217201565
0.9474286743806812
0.04187555609110451
0.06444716468114765
0.47274878118673447
-0.005692391382069714
0.4230947229365536
0.1643103949512129
-0.21367469831535782
0.9474286743806812
0.04187555609110451
0.06444716468114765
0.47274878118673447
-0.005692391382069714
0.4230947229365536
0.1643103949512129
-0.21367469831535782
0.8304606689814312
0.8421656498554667
0.9507790563631614
0.9265838118016545
-0.9086834603999783
-0.872895598590434
0.6599719338956143
-0.6507108680159732
0.916541555327421
-0.4259241603620201
0.3529532832330577
-0.2809474902533971
-0.7462623506504198
0.5157042255382599
-0.4631509856376864
-0.8225373483968982
-0.26035758163510503
-0.6503832546894224
-0.019477241240296105
-0.9672858911462678
0.41717714683260987
0.746389227458773
-0.43161587754958164
-0.459347928871709
0.3363189681692257
-0.9612906262650485
-0.9462622903031259
-0.9964661787386508
0.9609748665356354
0.9850985892385161
-0.7085825325061827
0.07645385625202263
-0.4492783225956054
-0.9654834935884188
-0.991892093351333
-0.8404274192202863
0.8558660577497613
0.9323778241547421
-0.7121530443515948
0.580619476596078
-0.027402293083143108
-0.27212341353376784
-0.3128995114994809
-0.8471545056102352
0.886007650358746
0.8559439861433923
-0.15656356736170654
-0.20360760217201565
0.9474286743806812
0.04187555609110451
0.06444716468114765
0.47274878118673447
-0.005692391382069714
0.4230947229365536
0.1643103949512129
-0.21367469831535782
0.3415861255014923
0.8243316949120395
0.707723292760486
0.9984453263265798
-0.975778197562711
-0.9340699575840812
0.580606458710709
-0.23711855107982244
0.8304606689814312
0.8421656498554667
0.9507790563631614
0.9265838118016545
-0.9086834603999783
-0.872895598590434
0.6599719338956143
-0.6507108680159732
0.8304606689814312
0.8421656498554667
0.9507790563631614
0.9265838118016545
-0.9086834603999783
-0.872895598590434
0.6599719338956143
-0.6507108680159732
-0.027402293083143108
-0.27212341353376784
-0.3128995114994809
-0.8471545056102352
0.886007650358746
0.8559439861433923
-0.15656356736170654
-0.20360760217201565
-0.027402293083143108
-0.27212341353376784
-0.3128995114994809
-0.8471545056102352
0.886007650358746
0.8559439861433923
-0.15656356736170654
-0.20360760217201565
-0.027402293083143108
-0.27212341353376784
-0.3128995114994809
-0.8471545056102352
0.886007650358746
0.8559439861433923
-0.15656356736170654
-0.20360760217201565
-0.4492783225956054
-0.9654834935884188
-0.991892093351333
-0.8404274192202863
0.8558660577497613
0.9323778241547421
-0.7121530443515948
0.580619476596078
-0.4492783225956054
-0.9654834935884188
-0.991892093351333
-0.8404274192202863
0.8558660577497613
0.9323778241547421
-0.7121530443515948
0.580619476596078
-0.6968451209263089
-0.3252843207397872
-0.8567461048967896
0.6042172860813392
0.6182883393826109
0.06571807497436369
-0.144435706946022
0.9420344623484407
-0.6968451209263089
-0.3252843207397872
-0.8567461048967896
0.6042172860813392
0.6182883393826109
0.06571807497436369
-0.144435706946022
0.9420344623484407
0.7497199345498615
-0.01648827566097056
-0.7127189154872736
0.9854889299625258
-0.5957328022717497
0.10858250714893442
-0.3543436409295521
0.7073138163109954
0.7497199345498615
-0.01648827566097056
-0.7127189154872736
0.9854889299625258
-0.5957328022717497
0.10858250714893442
-0.3543436409295521
0.7073138163109954
0.3415861255014923
0.8243316949120395
0.707723292760486
0.9984453263265798
-0.975778197562711
-0.9340699575840812
0.580606458710709
-0.23711855107982244
0.3415861255014923
0.8243316949120395
0.707723292760486
0.9984453263265798
-0.975778197562711
-0.9340699575840812
0.580606458710709
-0.23711855107982244
-0.9010115729302499
0.690614700809004
0.4576342212994247
0.9488222871780603
-0.659538669793069
-0.98013899885008
0.5520900196694211
0.6057281753712368
-0.9010115729302499
0.690614700809004
0.4576342212994247
0.9488222871780603
-0.659538669793069
-0.98013899885008
0.5520900196694211
0.6057281753712368
-0.6968451209263089
-0.3252843207397872
-0.8567461048967896
0.6042172860813392
0.6182883393826109
0.06571807497436369
-0.144435706946022
0.9420344623484407
-0.4492783225956054
-0.9654834935884188
-0.991892093351333
-0.8404274192202863
0.8558660577497613
0.9323778241547421
-0.7121530443515948
0.580619476596078
-0.4492783225956054
-0.9654834935884188
-0.991892093351333
-0.8404274192202863
0.8558660577497613
0.9323778241547421
-0.7121530443515948
0.580619476596078
-0.4492783225956054
-0.9654834935884188
-0.991892093351333
-0.8404274192202863
0.8558660577497613
0.9323778241547421
-0.7121530443515948
0.580619476596078
-0.4492783225956054
-0.9654834935884188
-0.991892093351333
-0.8404274192202863
0.8558660577497613
0.9323778241547421
-0.7121530443515948
0.580619476596078
0.8739731537906551
-0.9354056027229
-0.982456605024914
0.49068659244600626
-0.13030851648173275
0.8936426244453405
-0.7449117766447172
0.65675598377136
0.3415861255014923
0.8243316949120395
0.707723292760486
0.9984453263265798
-0.975778197562711
-0.9340699575840812
0.580606458710709
-0.23711855107982244
0.6250389379057464
-0.47250990796933134
-0.5287521422726549
0.9298173168514134
-0.9282070464816987
0.02781295337294711
-0.6020903078665105
0.609012233450505
0.6250389379057464
-0.47250990796933134
-0.5287521422726549
0.9298173168514134
-0.9282070464816987
0.02781295337294711
-0.6020903078665105
0.609012233450505
0.6250389379057464
-0.47250990796933134
-0.5287521422726549
0.9298173168514134
-0.9282070464816987
0.02781295337294711
-0.6020903078665105
0.609012233450505
0.6250389379057464
-0.47250990796933134
-0.5287521422726549
0.9298173168514134
-0.9282070464816987
0.02781295337294711
-0.6020903078665105
0.609012233450505
0.6250389379057464
-0.47250990796933134
-0.5287521422726549
0.9298173168514134
-0.9282070464816987
0.02781295337294711
-0.6020903078665105
0.609012233450505
0.7497199345498615
-0.01648827566097056
-0.7127189154872736
0.9854889299625258
-0.5957328022717497
0.10858250714893442
-0.3543436409295521
0.7073138163109954
0.3415861255014923
0.8243316949120395
0.707723292760486
0.9984453263265798
-0.975778197562711
-0.9340699575840812
0.580606458710709
-0.23711855107982244
0.3415861255014923
0.8243316949120395
0.707723292760486
0.9984453263265798
-0.975778197562711
-0.9340699575840812
0.580606458710709
-0.23711855107982244
0.3415861255014923
0.8243316949120395
0.707723292760486
0.9984453263265798
-0.975778197562711
-0.9340699575840812
0.580606458710709
-0.23711855107982244
-0.9010115729302499
0.690614700809004
0.4576342212994247
0.9488222871780603
-0.659538669793069
-0.98013899885008
0.5520900196694211
0.6057281753712368
-0.6968451209263089
-0.3252843207397872
-0.8567461048967896
0.6042172860813392
0.6182883393826109
0.06571807497436369
-0.144435706946022
0.9420344623484407
-0.6968451209263089
-0.3252843207397872
-0.8567461048967896
0.6042172860813392
0.6182883393826109
0.06571807497436369
-0.144435706946022
0.9420344623484407
-0.6968451209263089
-0.3252843207397872
-0.8567461048967896
0.6042172860813392
0.6182883393826109
0.06571807497436369
-0.144435706946022
0.9420344623484407
-0.6968451209263089
-0.3252843207397872
-0.8567461048967896
0.6042172860813392
0.6182883393826109
0.06571807497436369
-0.144435706946022
0.9420344623484407
-0.6968451209263089
-0.3252843207397872
-0.8567461048967896
0.6042172860813392
0.6182883393826109
0.06571807497436369
-0.144435706946022
0.9420344623484407
0.7497199345498615
-0.01648827566097056
-0.7127189154872736
0.9854889299625258
-0.5957328022717497
0.10858250714893442
-0.3543436409295521
0.7073138163109954
0.7497199345498615
-0.01648827566097056
-0.7127189154872736
0.9854889299625258
-0.5957328022717497
0.10858250714893442
-0.3543436409295521
0.7073138163109954
0.3415861255014923
0.8243316949120395
0.707723292760486
0.9984453263265798
-0.975778197562711
-0.9340699575840812
0.580606458710709
-0.23711855107982244
0.3415861255014923
0.8243316949120395
0.707723292760486
0.9984453263265798
-0.975778197562711
-0.9340699575840812
0.580606458710709
-0.23711855107982244
0.3415861255014923
0.8243316949120395
0.707723292760486
0.9984453263265798
-0.975778197562711
-0.9340699575840812
0.580606458710709
-0.23711855107982244
-0.9010115729302499
0.690614700809004
0.4576342212994247
0.9488222871780603
-0.659538669793069
-0.98013899885008
0.5520900196694211
0.6057281753712368
-0.9010115729302499
0.690614700809004
0.4576342212994247
0.9488222871780603
-0.659538669793069
-0.98013899885008
0.5520900196694211
0.6057281753712368
-0.6968451209263089
-0.3252843207397872
-0.8567461048967896
0.6042172860813392
0.6182883393826109
0.06571807497436369
-0.144435706946022
0.9420344623484407
-0.6968451209263089
-0.3252843207397872
-0.8567461048967896
0.6042172860813392
0.6182883393826109
0.06571807497436369
-0.144435706946022
0.9420344623484407
-0.6968451209263089
-0.3252843207397872
-0.8567461048967896
0.6042172860813392
0.6182883393826109
0.06571807497436369
-0.144435706946022
0.9420344623484407
-0.6968451209263089
-0.3252843207397872
-0.8567461048967896
0.6042172860813392
0.6182883393826109
0.06571807497436369
-0.144435706946022
0.9420344623484407
0.7497199345498615
-0.01648827566097056
-0.7127189154872736
0.9854889299625258
-0.5957328022717497
0.10858250714893442
-0.3543436409295521
0.7073138163109954
0.3415861255014923
0.8243316949120395
0.707723292760486
0.9984453263265798
-0.975778197562711
-0.9340699575840812
0.580606458710709
-0.23711855107982244
0.3415861255014923
0.8243316949120395
0.707723292760486
0.9984453263265798
-0.975778197562711
-0.9340699575840812
0.580606458710709
-0.23711855107982244
0.3415861255014923
0.8243316949120395
0.707723292760486
0.9984453263265798
-0.975778197562711
-0.9340699575840812
0.580606458710709
-0.23711855107982244
0.6250389379057464
-0.47250990796933134
-0.5287521422726549
0.9298173168514134
-0.9282070464816987
0.02781295337294711
-0.6020903078665105
0.609012233450505
0.3363189681692257
-0.9612906262650485
-0.9462622903031259
-0.9964661787386508
0.9609748665356354
0.9850985892385161
-0.7085825325061827
0.07645385625202263
0.3363189681692257
-0.9612906262650485
-0.9462622903031259
-0.9964661787386508
0.9609748665356354
0.9850985892385161
-0.7085825325061827
0.07645385625202263
0.3363189681692257
-0.9612906262650485
-0.9462622903031259
-0.9964661787386508
0.9609748665356354
0.9850985892385161
-0.7085825325061827
0.07645385625202263
0.3363189681692257
-0.9612906262650485
-0.9462622903031259
-0.9964661787386508
0.9609748665356354
0.9850985892385161
-0.7085825325061827
0.07645385625202263
0.9474286743806812
0.04187555609110451
0.06444716468114765
0.47274878118673447
-0.005692391382069714
0.4230947229365536
0.1643103949512129
-0.21367469831535782
0.7497199345498615
-0.01648827566097056
-0.7127189154872736
0.9854889299625258
-0.5957328022717497
0.10858250714893442
-0.3543436409295521
0.7073138163109954
0.3415861255014923
0.8243316949120395
0.707723292760486
0.9984453263265798
-0.975778197562711
-0.9340699575840812
0.580606458710709
-0.23711855107982244
0.3415861255014923
0.8243316949120395
0.707723292760486
0.9984453263265798
-0.975778197562711
-0.9340699575840812
0.580606458710709
-0.23711855107982244
-0.26035758163510503
-0.6503832546894224
-0.019477241240296105
-0.9672858911462678
0.41717714683260987
0.746389227458773
-0.43161587754958164
-0.459347928871709
-0.5675066713044443
0.719939731612591
0.8959968524870725
-0.12525058585120888
-0.11072710881760944
-0.8753361458479874
0.6562020997374151
-0.5554361027209922
-0.027402293083143108
-0.27212341353376784
-0.3128995114994809
-0.8471545056102352
0.886007650358746
0.8559439861433923
-0.15656356736170654
-0.20360760217201565
-0.6968451209263089
-0.3252843207397872
-0.8567461048967896
0.6042172860813392
0.6182883393826109
0.06571807497436369
-0.144435706946022
0.9420344623484407
-0.6968451209263089
-0.3252843207397872
-0.8567461048967896
0.6042172860813392
0.6182883393826109
0.06571807497436369
-0.144435706946022
0.9420344623484407
-0.027402293083143108
-0.27212341353376784
-0.3128995114994809
-0.8471545056102352
0.886007650358746
0.8559439861433923
-0.15656356736170654
-0.20360760217201565
-0.027402293083143108
-0.27212341353376784
-0.3128995114994809
-0.8471545056102352
0.886007650358746
0.8559439861433923
-0.15656356736170654
-0.20360760217201565
-0.9010115729302499
0.690614700809004
0.4576342212994247
0.9488222871780603
-0.659538669793069
-0.98013899885008
0.5520900196694211
0.6057281753712368
0.3415861255014923
0.8243316949120395
0.707723292760486
0.9984453263265798
-0.975778197562711
-0.9340699575840812
0.580606458710709
-0.23711855107982244
0.3415861255014923
0.8243316949120395
0.707723292760486
0.9984453263265798
-0.975778197562711
-0.9340699575840812
0.580606458710709
-0.23711855107982244
0.7497199345498615
-0.01648827566097056
-0.7127189154872736
0.9854889299625258
-0.5957328022717497
0.10858250714893442
-0.3543436409295521
0.7073138163109954
0.3363189681692257
-0.9612906262650485
-0.9462622903031259
-0.9964661787386508
0.9609748665356354
0.9850985892385161
-0.7085825325061827
0.07645385625202263
0.3363189681692257
-0.9612906262650485
-0.9462622903031259
-0.9964661787386508
0.9609748665356354
0.9850985892385161
-0.7085825325061827
0.07645385625202263
0.3363189681692257
-0.9612906262650485
-0.9462622903031259
-0.9964661787386508
0.9609748665356354
0.9850985892385161
-0.7085825325061827
0.07645385625202263
0.9749341765499815
-0.9276934582085001
-0.8867448455679457
-0.8872359942088782
0.5003403278092631
0.9891103300805041
-0.7726381660040448
-0.32191791761499206
0.7497199345498615
-0.01648827566097056
-0.7127189154872736
0.9854889299625258
-0.5957328022717497
0.10858250714893442
-0.3543436409295521
0.7073138163109954
0.9749341765499815
-0.9276934582085001
-0.8867448455679457
-0.8872359942088782
0.5003403278092631
0.9891103300805041
-0.7726381660040448
-0.32191791761499206
0.916541555327421
-0.4259241603620201
0.3529532832330577
-0.2809474902533971
-0.7462623506504198
0.5157042255382599
-0.4631509856376864
-0.8225373483968982
0.6250389379057464
-0.47250990796933134
-0.5287521422726549
0.9298173168514134
-0.9282070464816987
0.02781295337294711
-0.6020903078665105
0.609012233450505
0.6250389379057464
-0.47250990796933134
-0.5287521422726549
0.9298173168514134
-0.9282070464816987
0.02781295337294711
-0.6020903078665105
0.609012233450505
0.3363189681692257
-0.9612906262650485
-0.9462622903031259
-0.9964661787386508
0.9609748665356354
0.9850985892385161
-0.7085825325061827
0.07645385625202263
-0.027402293083143108
-0.27212341353376784
-0.3128995114994809
-0.8471545056102352
0.886007650358746
0.8559439861433923
-0.15656356736170654
-0.20360760217201565
-0.6968451209263089
-0.3252843207397872
-0.8567461048967896
0.6042172860813392
0.6182883393826109
0.06571807497436369
-0.144435706946022
0.9420344623484407
0.3415861255014923
0.8243316949120395
0.707723292760486
0.9984453263265798
-0.975778197562711
-0.9340699575840812
0.580606458710709
-0.23711855107982244
0.3415861255014923
0.8243316949120395
0.707723292760486
0.9984453263265798
-0.975778197562711
-0.9340699575840812
0.580606458710709
-0.23711855107982244
-0.9010115729302499
0.690614700809004
0.4576342212994247
0.9488222871780603
-0.659538669793069
-0.98013899885008
0.5520900196694211
0.6057281753712368
-0.9010115729302499
0.690614700809004
0.4576342212994247
0.9488222871780603
-0.659538669793069
-0.98013899885008
0.5520900196694211
0.6057281753712368
-0.6968451209263089
-0.3252843207397872
-0.8567461048967896
0.6042172860813392
0.6182883393826109
0.06571807497436369
-0.144435706946022
0.9420344623484407
-0.6968451209263089
-0.3252843207397872
-0.8567461048967896
0.6042172860813392
0.6182883393826109
0.06571807497436369
-0.144435706946022
0.9420344623484407
-0.6968451209263089
-0.3252843207397872
-0.8567461048967896
0.6042172860813392
0.6182883393826109
0.06571807497436369
-0.144435706946022
0.9420344623484407
-0.6968451209263089
-0.3252843207397872
-0.8567461048967896
0.6042172860813392
0.6182883393826109
0.06571807497436369
-0.144435706946022
0.9420344623484407
-0.6968451209263089
-0.3252843207397872
-0.8567461048967896
0.6042172860813392
0.6182883393826109
0.06571807497436369
-0.144435706946022
0.9420344623484407
-0.6968451209263089
-0.3252843207397872
-0.8567461048967896
0.6042172860813392
0.6182883393826109
0.06571807497436369
-0.144435706946022
0.9420344623484407
-0.9010115729302499
0.690614700809004
0.4576342212994247
0.9488222871780603
-0.659538669793069
-0.98013899885008
0.5520900196694211
0.6057281753712368
0.3415861255014923
0.8243316949120395
0.707723292760486
0.9984453263265798
-0.975778197562711
-0.9340699575840812
0.580606458710709
-0.23711855107982244
0.3415861255014923
0.8243316949120395
0.707723292760486
0.9984453263265798
-0.975778197562711
-0.9340699575840812
0.580606458710709
-0.23711855107982244
0.3415861255014923
0.8243316949120395
0.707723292760486
0.9984453263265798
-0.975778197562711
-0.9340699575840812
0.580606458710709
-0.23711855107982244
0.3415861255014923
0.8243316949120395
0.707723292760486
0.9984453263265798
-0.975778197562711
-0.9340699575840812
0.580606458710709
-0.23711855107982244
0.8304606689814312
0.8421656498554667
0.9507790563631614
0.9265838118016545
-0.9086834603999783
Version = 4.1 INTEL-14.7.8
Vendor = Intel Inc.
Renderer = Intel(R) Iris(TM) Plus Graphics 645
b3Printf: Selected demo: Physics Server
startThreads creating 1 threads.
starting thread 0
started thread 0 
MotionThreadFunc thread started
b3Printf: b3Warning[examples/Importers/ImportURDFDemo/BulletUrdfImporter.cpp,126]:

b3Printf: expected a world element, continuing without it.
numActiveThreads = 0
stopping threads
Thread with taskId 0 exiting
Thread TERMINATED
destroy semaphore
semaphore destroyed
destroy main semaphore
main semaphore destroyed
